      0/49     7.71G       4.9       3.4      2.28      10.6        19       512     0.236     0.499     0.289     0.313      3.98      1.68      1.26
      1/49     7.72G      3.54      1.97      1.06      6.57        32       512     0.395     0.589     0.445     0.468      3.48      1.43      1.09
      2/49     7.72G      3.12      1.72     0.904      5.75        43       512     0.426      0.64     0.486      0.51      3.04      1.36       1.1
      3/49     7.72G       2.9       1.6     0.869      5.37        30       512     0.537     0.626     0.533     0.569       2.9      1.28      1.03
      4/49     7.72G      2.74      1.49     0.807      5.03        23       512     0.484     0.654     0.535     0.555      2.83      1.24      1.03
      5/49     7.72G      2.63      1.42     0.751      4.81        34       512     0.492     0.672     0.546     0.568      2.83      1.15      1.02
      6/49     7.72G      2.57      1.39     0.649      4.61        30       512     0.558     0.638     0.551     0.595      2.85      1.18     0.989
      7/49     7.72G      2.56      1.36     0.647      4.57        24       512      0.53     0.663     0.546     0.588      2.73      1.17      1.08
      8/49     7.72G      2.46      1.35     0.633      4.44        25       512       0.5     0.646     0.533     0.564      2.77      1.18      1.16
      9/49     7.72G      2.43      1.34     0.597      4.37        24       512     0.465     0.684     0.539     0.553      2.76      1.19      1.09
     10/49     7.72G      2.41      1.32     0.538      4.27        39       512     0.528     0.672     0.549     0.589      2.66      1.16      1.12
     11/49     7.72G      2.36      1.31     0.504      4.17        20       512     0.538      0.62     0.529     0.574      2.71      1.19      1.34
     12/49     7.72G      2.34      1.31     0.488      4.14        42       512     0.542     0.663     0.547     0.596      2.71      1.18      1.15
     13/49     7.72G      2.28      1.26      0.46         4        22       512     0.532     0.669     0.561     0.592      2.71      1.18      1.18
     14/49     7.72G      2.28      1.26     0.442      3.98        25       512     0.542     0.662     0.547     0.595      2.76      1.22      1.25
     15/49     7.72G      2.25      1.23     0.387      3.87        34       512      0.51     0.672     0.545     0.579      2.66      1.21      1.29
     16/49     7.72G      2.22      1.23     0.407      3.86        40       512     0.519     0.689      0.55     0.592      2.71      1.23      1.28
     17/49     7.72G       2.2      1.21     0.326      3.74        24       512     0.527      0.67      0.54      0.59      2.68      1.21      1.26
     18/49     7.72G      2.15      1.21     0.327      3.69        18       512     0.565     0.671     0.558     0.612      2.69      1.24      1.19
     19/49     7.72G      2.14      1.16     0.306       3.6        34       512     0.544     0.664     0.534     0.596      2.68      1.25      1.33
     20/49     7.72G      2.09      1.15     0.304      3.54        18       512     0.548     0.686     0.555     0.608      2.67      1.24       1.3
     21/49     7.72G      2.06      1.15     0.294      3.51        23       512     0.533     0.694     0.552     0.602      2.69      1.25      1.31
     22/49     7.72G      2.04      1.15     0.282      3.48        36       512     0.533     0.687     0.549     0.599      2.66      1.23      1.29
     23/49     7.72G      2.01      1.11     0.265      3.38        24       512     0.555     0.685     0.555     0.612      2.68      1.28      1.26
     24/49     7.72G      1.98      1.11     0.245      3.33        18       512     0.559     0.658     0.548     0.604       2.7      1.29      1.32
     25/49     7.72G      1.94      1.07     0.227      3.24        24       512     0.553     0.667     0.546     0.604      2.68      1.29      1.31
     26/49     7.72G      1.91      1.06     0.197      3.16        25       512     0.568     0.672     0.548     0.613      2.66      1.29      1.29
     27/49     7.72G      1.89      1.06     0.206      3.16        31       512     0.553     0.681     0.544      0.61      2.67       1.3       1.4
     28/49     7.72G      1.84      1.04     0.188      3.07        23       512      0.56     0.673     0.553     0.611      2.67      1.33      1.44
     29/49     7.72G      1.82      1.02     0.164      3.01        25       512     0.561     0.672     0.548      0.61      2.68      1.29      1.46
     30/49     7.72G      1.79         1     0.149      2.94         9       512     0.584     0.668     0.554     0.622      2.66      1.33      1.45
     31/49     7.72G      1.77      1.01     0.164      2.94        26       512     0.554     0.661     0.531     0.601      2.67      1.36      1.57
     32/49     7.72G      1.74     0.977     0.141      2.85        20       512     0.578     0.657      0.54     0.615      2.66      1.35      1.54
     33/49     7.72G      1.71     0.946     0.152       2.8        48       512      0.59     0.661     0.544     0.622      2.69      1.38      1.53
     34/49     7.72G      1.67     0.938     0.142      2.75        20       512     0.571     0.655      0.54     0.609      2.67      1.41      1.49
     35/49     7.72G      1.65     0.921     0.133       2.7        22       512     0.568     0.653     0.531     0.607      2.65      1.39      1.53
     36/49     7.72G      1.62     0.933     0.121      2.68        24       512     0.565     0.668     0.541     0.611      2.66      1.41      1.53
     37/49     7.72G      1.61     0.925     0.109      2.65        24       512     0.591     0.647      0.54     0.617      2.67      1.43      1.57
     38/49     7.72G      1.58      0.88    0.0975      2.55        22       512      0.59     0.649     0.534     0.618      2.69      1.45      1.57
     39/49     7.72G      1.56     0.878    0.0961      2.53        24       512     0.579     0.649     0.533     0.611      2.69      1.47       1.6
     40/49     7.72G      1.53     0.897    0.0982      2.52        12       512     0.582     0.656     0.538     0.616      2.68      1.48      1.64
     41/49     7.72G      1.51     0.862    0.0963      2.47        14       512     0.582     0.653     0.532     0.615       2.7      1.48      1.65
     42/49     7.72G      1.52     0.865    0.0966      2.48        23       512     0.591     0.648     0.532     0.617      2.68      1.47      1.63
     43/49     7.72G       1.5      0.88     0.094      2.47        11       512     0.598     0.658     0.539     0.625      2.69      1.49      1.59
     44/49     7.72G      1.46     0.827    0.0815      2.37        31       512     0.598     0.656     0.543     0.624      2.69      1.49      1.62
     45/49     7.72G      1.45     0.848    0.0835      2.38        44       512     0.601     0.647     0.536     0.622      2.69      1.51      1.61
     46/49     7.72G      1.44     0.828    0.0761      2.34        50       512     0.593     0.656     0.536     0.622      2.68       1.5      1.62
     47/49     7.72G      1.45      0.81    0.0829      2.34        21       512     0.594     0.652     0.531      0.62       2.7      1.52      1.63
     48/49     7.72G      1.43     0.831    0.0799      2.34        47       512     0.595     0.651     0.533      0.62       2.7      1.52      1.66
     49/49     7.72G      1.42     0.804    0.0798      2.31        37       512     0.601     0.647     0.538     0.622      2.69      1.53      1.64
